3
4
6
10
12
15
16
18
19
21
22
23
25
26
27
29
30
33
34
35
37
39
40
41
43
44
46
49
50
51
53
54
55
56
59
61
62
64
66
67
68
70
71
72
73
74
75
77
78
79
81
83
85
86
88
89
91
92
94
95
97
99
100
101
102
104
105
106
107
109
111
112
114
115
116
119
120
122
123
124
126
127
128
130
131
133
134
139
140
141
145
147
148
149
150
153
154
155
157
158
159
160
162
167
168
169
170
172
176
177
179
180
181
182
183
184
185
187
188
190
191
192
193
194
195
196
198
199
202
203
204
205
206
207
208
209
210
212
213
214
215
216
217
218
220
221
222
223
224
227
228
229
231
234
235
236
238
239
240
241
242
244
245
246
247
248
249
250
251
253
254
256
257
258
259
260
261
263
264
265
267
268
269
270
271
275
276
278
279
280
281
282
284
288
289
290
291
292
293
294
295
296
297
300
302
303
304
306
307
308
309
310
312
314
315
317
318
319
320
322
323
324
325
326
329
330
331
332
334
335
336
338
339
341
343
345
346
347
348
349
351
352
353
354
355
356
358
359
360
361
362
364
366
367
369
370
371
372
377
378
380
381
382
383
384
385
386
387
389
390
391
393
395
396
397
399
400
401
402
403
404
406
407
410
412
414
415
417
418
419
421
425
426
427
429
430
432
433
434
439
442
443
444
445
446
448
450
451
452
454
455
456
457
458
461
463
464
465
467
468
469
471
472
473
474
475
476
477
478
479
480
481
482
483
484
485
490
492
494
497
500
501
502
503
504
506
507
508
510
511
512
515
516
517
518
521
522
524
525
526
528
530
531
533
537
539
540
542
543
545
546
547
549
550
552
553
554
555
559
560
561
562
565
567
568
570
571
572
573
574
577
578
579
580
582
583
585
587
588
589
590
591
592
594
596
597
598
599
600
601
603
605
606
607
608
610
614
615
616
617
618
619
620
621
623
625
627
628
629
631
633
634
635
636
637
638
640
643
645
647
648
649
650
651
654
655
656
657
658
659
660
662
663
664
668
669
670
671
672
674
675
677
678
680
681
682
683
684
685
687
688
689
690
691
692
695
696
698
699
700
701
705
706
707
708
709
711
713
716
720
721
722
723
725
726
727
728
729
730
731
733
734
735
736
737
740
741
742
743
746
747
748
749
751
752
755
757
758
759
761
762
765
766
767
768
769
770
772
773
775
776
777
779
780
781
782
783
785
787
788
789
790
791
792
793
794
795
796
797
798
800
802
803
804
805
806
807
809
810
811
812
813
814
816
818
819
821
822
823
824
827
828
830
831
832
833
834
837
838
839
841
842
843
844
845
846
847
848
849
850
852
853
856
857
859
861
863
864
865
870
872
873
874
875
879
881
882
884
885
886
887
888
889
890
891
893
894
895
896
898
900
901
902
903
904
905
909
910
911
913
914
915
916
917
920
923
925
926
927
928
929
932
933
935
940
941
943
944
945
946
947
948
950
952
954
956
958
961
963
964
965
967
968
969
970
973
974
978
979
981
982
984
985
986
987
988
990
991
992
993
995
996
999
1002
1003
1006
1007
1009
1011
1012
1013
1014
1016
1018
1019
1020
1021
1022
1024
1025
1027
1031
1032
1033
1034
1037
1039
1040
1041
1042
1043
1044
1045
1046
1048
1051
1052
1053
1054
1055
1056
1058
1059
1061
1062
1063
1064
1066
1067
1068
1069
1070
1071
1072
1073
1076
1078
1082
1084
1085
1086
1087
1089
1091
1093
1094
1096
1097
1098
1099
1100
1101
1102
1103
1104
1106
1107
1109
1110
1111
1112
1113
1114
1116
1117
1118
1119
1120
1121
1123
1124
1125
1126
1127
1132
1133
1134
1135
1136
1138
1139
1140
1141
1142
1143
1145
1146
1147
1148
1149
1150
1151
1152
1153
1154
1155
1157
1160
1161
1162
1163
1164
1166
1167
1168
1169
1170
1171
1173
1174
1177
1178
1180
1181
1182
1183
1186
1188
1190
1192
1193
1194
1197
1200
1201
1203
1204
1208
1210
1211
1212
1213
1217
1218
1220
1221
1222
1223
1225
1226
1227
1228
1229
1232
1234
1235
1237
1239
1240
1242
1244
1245
1246
1247
1248
1249
1250
1253
1256
1257
1258
1260
1261
1263
1265
1266
1267
1268
1269
1270
1271
1272
1273
1274
1276
1277
1279
1280
1281
1282
1283
1285
1286
1287
1289
1290
1292
1296
1297
1300